**Script output**::

  Corr(X)
  [[ 1.    0.51  0.07 -0.05]
   [ 0.51  1.    0.11 -0.01]
   [ 0.07  0.11  1.    0.49]
   [-0.05 -0.01  0.49  1.  ]]
  Corr(Y)
  [[ 1.    0.48  0.05  0.03]
   [ 0.48  1.    0.04  0.12]
   [ 0.05  0.04  1.    0.51]
   [ 0.03  0.12  0.51  1.  ]]
  True B (such that: Y = XB + Err)
  [[1 1 1]
   [2 2 2]
   [0 0 0]
   [0 0 0]
   [0 0 0]
   [0 0 0]
   [0 0 0]
   [0 0 0]
   [0 0 0]
   [0 0 0]]
  Estimated B
  [[ 1.   1.   1. ]
   [ 1.9  2.   2. ]
   [-0.  -0.   0. ]
   [ 0.   0.   0. ]
   [ 0.   0.   0. ]
   [ 0.   0.  -0. ]
   [-0.  -0.  -0.1]
   [-0.  -0.   0. ]
   [ 0.   0.   0.1]
   [ 0.   0.  -0. ]]
  Estimated betas
  [[ 1.]
   [ 2.]
   [ 0.]
   [ 0.]
   [ 0.]
   [-0.]
   [-0.]
   [ 0.]
   [-0.]
   [-0.]]

